projection = albers_nad83
dx = 30.0
dy = -30.0
truelat1 = 35.9977
truelat2 = 38.4028
stdlon = -102.517
known_x = 4589.5
known_y = 4468.5
known_lon = -102.51681376170264
known_lat = 37.205437185579235
row_order = top_bottom
description = "landfire_30m_c34"
units = "meters"
type = continuous
signed = yes
scale_factor = 1.0
wordsize = 2
tile_x = 9178
tile_y = 8936
tile_z = 1
endian = little
